PC      	REG 	VALUE   
80000020	08  	00000001
80000024	09  	00000001
80000028	04  	80010000
8000002c	12  	80010100
80000030	10  	00000002
80000034	08  	00000001
80000038	09  	00000002
80000040	11  	00000002
8000004c	04  	80010004
80000030	10  	00000003
80000034	08  	00000002
80000038	09  	00000003
80000040	11  	00000003
8000004c	04  	80010008
80000030	10  	00000005
80000034	08  	00000003
80000038	09  	00000005
80000040	11  	00000005
8000004c	04  	8001000c
80000030	10  	00000008
80000034	08  	00000005
80000038	09  	00000008
80000040	11  	00000008
8000004c	04  	80010010
80000030	10  	0000000d
80000034	08  	00000008
80000038	09  	0000000d
80000040	11  	0000000d
8000004c	04  	80010014
80000030	10  	00000015
80000034	08  	0000000d
80000038	09  	00000015
80000040	11  	00000015
8000004c	04  	80010018
80000030	10  	00000022
80000034	08  	00000015
80000038	09  	00000022
80000040	11  	00000022
8000004c	04  	8001001c
80000030	10  	00000037
80000034	08  	00000022
80000038	09  	00000037
80000040	11  	00000037
8000004c	04  	80010020
80000030	10  	00000059
80000034	08  	00000037
80000038	09  	00000059
80000040	11  	00000059
8000004c	04  	80010024
80000030	10  	00000090
80000034	08  	00000059
80000038	09  	00000090
80000040	11  	00000090
8000004c	04  	80010028
80000030	10  	000000e9
80000034	08  	00000090
80000038	09  	000000e9
80000040	11  	000000e9
8000004c	04  	8001002c
80000030	10  	00000179
80000034	08  	000000e9
80000038	09  	00000179
80000040	11  	00000179
8000004c	04  	80010030
80000030	10  	00000262
80000034	08  	00000179
80000038	09  	00000262
80000040	11  	00000262
8000004c	04  	80010034
80000030	10  	000003db
80000034	08  	00000262
80000038	09  	000003db
80000040	11  	000003db
8000004c	04  	80010038
80000030	10  	0000063d
80000034	08  	000003db
80000038	09  	0000063d
80000040	11  	0000063d
8000004c	04  	8001003c
80000030	10  	00000a18
80000034	08  	0000063d
80000038	09  	00000a18
80000040	11  	00000a18
8000004c	04  	80010040
80000030	10  	00001055
80000034	08  	00000a18
80000038	09  	00001055
80000040	11  	00001055
8000004c	04  	80010044
80000030	10  	00001a6d
80000034	08  	00001055
80000038	09  	00001a6d
80000040	11  	00001a6d
8000004c	04  	80010048
80000030	10  	00002ac2
80000034	08  	00001a6d
80000038	09  	00002ac2
80000040	11  	00002ac2
8000004c	04  	8001004c
80000030	10  	0000452f
80000034	08  	00002ac2
80000038	09  	0000452f
80000040	11  	0000452f
8000004c	04  	80010050
80000030	10  	00006ff1
80000034	08  	0000452f
80000038	09  	00006ff1
80000040	11  	00006ff1
8000004c	04  	80010054
80000030	10  	0000b520
80000034	08  	00006ff1
80000038	09  	0000b520
80000040	11  	0000b520
8000004c	04  	80010058
80000030	10  	00012511
80000034	08  	0000b520
80000038	09  	00012511
80000040	11  	00012511
8000004c	04  	8001005c
80000030	10  	0001da31
80000034	08  	00012511
80000038	09  	0001da31
80000040	11  	0001da31
8000004c	04  	80010060
80000030	10  	0002ff42
80000034	08  	0001da31
80000038	09  	0002ff42
80000040	11  	0002ff42
8000004c	04  	80010064
80000030	10  	0004d973
80000034	08  	0002ff42
80000038	09  	0004d973
80000040	11  	0004d973
8000004c	04  	80010068
80000030	10  	0007d8b5
80000034	08  	0004d973
80000038	09  	0007d8b5
80000040	11  	0007d8b5
8000004c	04  	8001006c
80000030	10  	000cb228
80000034	08  	0007d8b5
80000038	09  	000cb228
80000040	11  	000cb228
8000004c	04  	80010070
80000030	10  	00148add
80000034	08  	000cb228
80000038	09  	00148add
80000040	11  	00148add
8000004c	04  	80010074
80000030	10  	00213d05
80000034	08  	00148add
80000038	09  	00213d05
80000040	11  	00213d05
8000004c	04  	80010078
80000030	10  	0035c7e2
80000034	08  	00213d05
80000038	09  	0035c7e2
80000040	11  	0035c7e2
8000004c	04  	8001007c
80000030	10  	005704e7
80000034	08  	0035c7e2
80000038	09  	005704e7
80000040	11  	005704e7
8000004c	04  	80010080
80000030	10  	008cccc9
80000034	08  	005704e7
80000038	09  	008cccc9
80000040	11  	008cccc9
8000004c	04  	80010084
80000030	10  	00e3d1b0
80000034	08  	008cccc9
80000038	09  	00e3d1b0
80000040	11  	00e3d1b0
8000004c	04  	80010088
80000030	10  	01709e79
80000034	08  	00e3d1b0
80000038	09  	01709e79
80000040	11  	01709e79
8000004c	04  	8001008c
80000030	10  	02547029
80000034	08  	01709e79
80000038	09  	02547029
80000040	11  	02547029
8000004c	04  	80010090
80000030	10  	03c50ea2
80000034	08  	02547029
80000038	09  	03c50ea2
80000040	11  	03c50ea2
8000004c	04  	80010094
80000030	10  	06197ecb
80000034	08  	03c50ea2
80000038	09  	06197ecb
80000040	11  	06197ecb
8000004c	04  	80010098
80000030	10  	09de8d6d
80000034	08  	06197ecb
80000038	09  	09de8d6d
80000040	11  	09de8d6d
8000004c	04  	8001009c
80000030	10  	0ff80c38
80000034	08  	09de8d6d
80000038	09  	0ff80c38
80000040	11  	0ff80c38
8000004c	04  	800100a0
80000030	10  	19d699a5
80000034	08  	0ff80c38
80000038	09  	19d699a5
80000040	11  	19d699a5
8000004c	04  	800100a4
80000030	10  	29cea5dd
80000034	08  	19d699a5
80000038	09  	29cea5dd
80000040	11  	29cea5dd
8000004c	04  	800100a8
80000030	10  	43a53f82
80000034	08  	29cea5dd
80000038	09  	43a53f82
80000040	11  	43a53f82
8000004c	04  	800100ac
80000030	10  	6d73e55f
80000034	08  	43a53f82
80000038	09  	6d73e55f
80000040	11  	6d73e55f
8000004c	04  	800100b0
80000030	10  	b11924e1
80000034	08  	6d73e55f
80000038	09  	b11924e1
80000040	11  	b11924e1
8000004c	04  	800100b4
80000030	10  	1e8d0a40
80000034	08  	b11924e1
80000038	09  	1e8d0a40
80000040	11  	1e8d0a40
8000004c	04  	800100b8
80000030	10  	cfa62f21
80000034	08  	1e8d0a40
80000038	09  	cfa62f21
80000040	11  	cfa62f21
8000004c	04  	800100bc
80000030	10  	ee333961
80000034	08  	cfa62f21
80000038	09  	ee333961
80000040	11  	ee333961
8000004c	04  	800100c0
80000030	10  	bdd96882
80000034	08  	ee333961
80000038	09  	bdd96882
80000040	11  	bdd96882
8000004c	04  	800100c4
80000030	10  	ac0ca1e3
80000034	08  	bdd96882
80000038	09  	ac0ca1e3
80000040	11  	ac0ca1e3
8000004c	04  	800100c8
80000030	10  	69e60a65
80000034	08  	ac0ca1e3
80000038	09  	69e60a65
80000040	11  	69e60a65
8000004c	04  	800100cc
80000030	10  	15f2ac48
80000034	08  	69e60a65
80000038	09  	15f2ac48
80000040	11  	15f2ac48
8000004c	04  	800100d0
80000030	10  	7fd8b6ad
80000034	08  	15f2ac48
80000038	09  	7fd8b6ad
80000040	11  	7fd8b6ad
8000004c	04  	800100d4
80000030	10  	95cb62f5
80000034	08  	7fd8b6ad
80000038	09  	95cb62f5
80000040	11  	95cb62f5
8000004c	04  	800100d8
80000030	10  	15a419a2
80000034	08  	95cb62f5
80000038	09  	15a419a2
80000040	11  	15a419a2
8000004c	04  	800100dc
80000030	10  	ab6f7c97
80000034	08  	15a419a2
80000038	09  	ab6f7c97
80000040	11  	ab6f7c97
8000004c	04  	800100e0
80000030	10  	c1139639
80000034	08  	ab6f7c97
80000038	09  	c1139639
80000040	11  	c1139639
8000004c	04  	800100e4
80000030	10  	6c8312d0
80000034	08  	c1139639
80000038	09  	6c8312d0
80000040	11  	6c8312d0
8000004c	04  	800100e8
80000030	10  	2d96a909
80000034	08  	6c8312d0
80000038	09  	2d96a909
80000040	11  	2d96a909
8000004c	04  	800100ec
80000030	10  	9a19bbd9
80000034	08  	2d96a909
80000038	09  	9a19bbd9
80000040	11  	9a19bbd9
8000004c	04  	800100f0
80000030	10  	c7b064e2
80000034	08  	9a19bbd9
80000038	09  	c7b064e2
80000040	11  	c7b064e2
8000004c	04  	800100f4
80000030	10  	61ca20bb
80000034	08  	c7b064e2
80000038	09  	61ca20bb
80000040	11  	61ca20bb
8000004c	04  	800100f8
80000030	10  	297a859d
80000034	08  	61ca20bb
80000038	09  	297a859d
80000040	11  	297a859d
8000004c	04  	800100fc
80000030	10  	8b44a658
80000034	08  	297a859d
80000038	09  	8b44a658
80000040	11  	8b44a658
8000004c	04  	80010100
80000058	16  	80000000
8000005c	16  	80000008
80000060	04  	00000046
80000064	17  	bfd00000
80000068	16  	80000009
8000006c	08  	00000003
80000070	08  	00000001
80000080	04  	00000069
80000068	16  	8000000a
8000006c	08  	00000003
80000070	08  	00000001
80000080	04  	00000062
80000068	16  	8000000b
8000006c	08  	00000003
80000070	08  	00000001
80000080	04  	00000020
80000068	16  	8000000c
8000006c	08  	00000003
80000070	08  	00000001
80000080	04  	00000046
80000068	16  	8000000d
8000006c	08  	00000003
80000070	08  	00000001
80000080	04  	00000069
80000068	16  	8000000e
8000006c	08  	00000003
80000070	08  	00000001
80000080	04  	0000006e
80000068	16  	8000000f
8000006c	08  	00000003
80000070	08  	00000001
8000